# Blender v2.79 (sub 0) OBJ File: 'cannon.obj.blend'
# www.blender.org
mtllib cannon.obj.mtl
o Cube
v 1.765116 1.720282 -0.888439
v 1.765116 1.720282 1.111561
v -1.625603 1.483180 1.111561
v -1.625602 1.483180 -0.888439
v 1.625604 3.715411 -0.888438
v 1.625602 3.715410 1.111562
v -1.765117 3.478308 1.111561
v -1.765116 3.478308 -0.888439
vn 0.0698 -0.9976 0.0000
vn -0.0698 0.9976 0.0000
vn 0.9976 0.0698 0.0000
vn -0.0000 -0.0000 1.0000
vn -0.9976 -0.0698 -0.0000
vn 0.0000 0.0000 -1.0000
usemtl Material
s off
f 1//1 2//1 3//1 4//1
f 5//2 8//2 7//2 6//2
f 1//3 5//3 6//3 2//3
f 2//4 6//4 7//4 3//4
f 3//5 7//5 8//5 4//5
f 5//6 1//6 4//6 8//6
o Cube.001
v 3.443105 2.313645 -0.393018
v 3.443105 2.313645 0.606982
v 0.842457 2.131790 0.606982
v 0.842458 2.131790 -0.393018
v 3.364978 3.430917 -0.393017
v 3.364977 3.430917 0.606983
v 0.764329 3.249062 0.606982
v 0.764330 3.249062 -0.393018
vn 0.0698 -0.9976 0.0000
vn -0.0698 0.9976 0.0000
vn 0.9976 0.0698 0.0000
vn -0.0000 -0.0000 1.0000
vn -0.9976 -0.0698 -0.0000
vn 0.0000 0.0000 -1.0000
usemtl Material.001
s off
f 9//7 10//7 11//7 12//7
f 13//8 16//8 15//8 14//8
f 9//9 13//9 14//9 10//9
f 10//10 14//10 15//10 11//10
f 11//11 15//11 16//11 12//11
f 13//12 9//12 12//12 16//12
o Cube.002
v 3.294595 0.185266 -1.379051
v 3.294595 0.185266 1.620949
v -1.655403 0.185266 1.620948
v -1.655402 0.185266 -1.379052
v 3.294597 1.125266 -1.379051
v 3.294594 1.125266 1.620950
v -1.655403 1.125266 1.620948
v -1.655402 1.125266 -1.379051
vn 0.0000 -1.0000 -0.0000
vn 0.0000 1.0000 -0.0000
vn 1.0000 0.0000 0.0000
vn -0.0000 -0.0000 1.0000
vn -1.0000 -0.0000 -0.0000
vn 0.0000 0.0000 -1.0000
usemtl Material.002
s off
f 17//13 18//13 19//13 20//13
f 21//14 24//14 23//14 22//14
f 17//15 21//15 22//15 18//15
f 18//16 22//16 23//16 19//16
f 19//17 23//17 24//17 20//17
f 21//18 17//18 20//18 24//18
o Cube.003
v 1.205475 1.038787 1.033064
v 1.205475 1.038787 1.593064
v 0.481243 0.988144 1.593064
v 0.481244 0.988144 1.033064
v 1.085494 2.754598 1.033065
v 1.085493 2.754597 1.593065
v 0.361262 2.703954 1.593064
v 0.361262 2.703954 1.033064
vn 0.0698 -0.9976 -0.0000
vn -0.0698 0.9976 0.0000
vn 0.9976 0.0698 0.0000
vn -0.0000 -0.0000 1.0000
vn -0.9976 -0.0698 -0.0000
vn 0.0000 0.0000 -1.0000
usemtl Material.003
s off
f 25//19 26//19 27//19 28//19
f 29//20 32//20 31//20 30//20
f 25//21 29//21 30//21 26//21
f 26//22 30//22 31//22 27//22
f 27//23 31//23 32//23 28//23
f 29//24 25//24 28//24 32//24
o Cube.004
v 1.205475 1.038787 -1.362264
v 1.205475 1.038787 -0.802264
v 0.481243 0.988144 -0.802264
v 0.481244 0.988144 -1.362264
v 1.085494 2.754598 -1.362263
v 1.085493 2.754597 -0.802263
v 0.361262 2.703954 -0.802264
v 0.361262 2.703954 -1.362264
vn 0.0698 -0.9976 -0.0000
vn -0.0698 0.9976 0.0000
vn 0.9976 0.0698 0.0000
vn -0.0000 -0.0000 1.0000
vn -0.9976 -0.0698 -0.0000
vn 0.0000 0.0000 -1.0000
usemtl Material.004
s off
f 33//25 34//25 35//25 36//25
f 37//26 40//26 39//26 38//26
f 33//27 37//27 38//27 34//27
f 34//28 38//28 39//28 35//28
f 35//29 39//29 40//29 36//29
f 37//30 33//30 36//30 40//30
